project

lagrange_f =

  列 1 至 6

    0.0042    0.0040    0.0039    0.0037    0.0036    0.0035

  列 7 至 12

    0.0034    0.0033    0.0032    0.0031    0.0031    0.0030

  列 13 至 18

    0.0030    0.0029    0.0029    0.0029    0.0028    0.0028

  列 19 至 24

    0.0028    0.0027    0.0027    0.0027    0.0027    0.0027

  列 25 至 30

    0.0026    0.0026    0.0026    0.0026    0.0026    0.0025

  列 31 至 36

    0.0025    0.0025    0.0025    0.0025    0.0025    0.0025

  列 37 至 42

    0.0025    0.0024    0.0024    0.0024    0.0024    0.0024

  列 43 至 48

    0.0024    0.0024    0.0024    0.0024    0.0023    0.0023

  列 49 至 50

    0.0023    0.0023


piecewise_f =

  列 1 至 6

    0.0057    0.0045    0.0041    0.0038    0.0036    0.0035

  列 7 至 12

    0.0034    0.0033    0.0032    0.0031    0.0031    0.0030

  列 13 至 18

    0.0030    0.0029    0.0029    0.0029    0.0028    0.0028

  列 19 至 24

    0.0028    0.0027    0.0027    0.0027    0.0027    0.0027

  列 25 至 30

    0.0026    0.0026    0.0026    0.0026    0.0026    0.0025

  列 31 至 36

    0.0025    0.0025    0.0025    0.0025    0.0025    0.0025

  列 37 至 42

    0.0025    0.0024    0.0024    0.0024    0.0024    0.0024

  列 43 至 48

    0.0024    0.0024    0.0024    0.0024    0.0024    0.0023

  列 49 至 50

    0.0023    0.0023

  列 1 至 6

    1.0000         0         0         0         0         0
    0.0400    0.1600    0.0400         0         0         0
         0    0.0400    0.1600    0.0400         0         0
         0         0    0.0400    0.1600    0.0400         0
         0         0         0    0.0400    0.1600    0.0400
         0         0         0         0    0.0400    0.1600
         0         0         0         0         0    0.0400
         0         0         0         0         0         0
         0         0         0         0         0         0
         0         0         0         0         0         0
         0         0         0         0         0         0
         0         0         0         0         0         0
         0         0         0         0         0         0
         0         0         0         0         0         0
         0         0         0         0         0         0
         0         0         0         0         0         0
         0         0         0         0         0         0
         0         0         0         0         0         0
         0         0         0         0         0         0
         0         0         0         0         0         0
         0         0         0         0         0         0
         0         0         0         0         0         0
         0         0         0         0         0         0
         0         0         0         0         0         0
         0         0         0         0         0         0
         0         0         0         0         0         0
         0         0         0         0         0         0
         0         0         0         0         0         0
         0         0         0         0         0         0
         0         0         0         0         0         0
         0         0         0         0         0         0
         0         0         0         0         0         0
         0         0         0         0         0         0
         0         0         0         0         0         0
         0         0         0         0         0         0
         0         0         0         0         0         0
         0         0         0         0         0         0
         0         0         0         0         0         0
         0         0         0         0         0         0
         0         0         0         0         0         0
         0         0         0         0         0         0
         0         0         0         0         0         0
         0         0         0         0         0         0
         0         0         0         0         0         0
         0         0         0         0         0         0
         0         0         0         0         0         0
         0         0         0         0         0         0
         0         0         0         0         0         0
         0         0         0         0         0         0
         0         0         0         0         0         0

  列 7 至 12

         0         0         0         0         0         0
         0         0         0         0         0         0
         0         0         0         0         0         0
         0         0         0         0         0         0
         0         0         0         0         0         0
    0.0400         0         0         0         0         0
    0.1600    0.0400         0         0         0         0
    0.0400    0.1600    0.0400         0         0         0
         0    0.0400    0.1600    0.0400         0         0
         0         0    0.0400    0.1600    0.0400         0
         0         0         0    0.0400    0.1600    0.0400
         0         0         0         0    0.0400    0.1600
         0         0         0         0         0    0.0400
         0         0         0         0         0         0
         0         0         0         0         0         0
         0         0         0         0         0         0
         0         0         0         0         0         0
         0         0         0         0         0         0
         0         0         0         0         0         0
         0         0         0         0         0         0
         0         0         0         0         0         0
         0         0         0         0         0         0
         0         0         0         0         0         0
         0         0         0         0         0         0
         0         0         0         0         0         0
         0         0         0         0         0         0
         0         0         0         0         0         0
         0         0         0         0         0         0
         0         0         0         0         0         0
         0         0         0         0         0         0
         0         0         0         0         0         0
         0         0         0         0         0         0
         0         0         0         0         0         0
         0         0         0         0         0         0
         0         0         0         0         0         0
         0         0         0         0         0         0
         0         0         0         0         0         0
         0         0         0         0         0         0
         0         0         0         0         0         0
         0         0         0         0         0         0
         0         0         0         0         0         0
         0         0         0         0         0         0
         0         0         0         0         0         0
         0         0         0         0         0         0
         0         0         0         0         0         0
         0         0         0         0         0         0
         0         0         0         0         0         0
         0         0         0         0         0         0
         0         0         0         0         0         0
         0         0         0         0         0         0

  列 13 至 18

         0         0         0         0         0         0
         0         0         0         0         0         0
         0         0         0         0         0         0
         0         0         0         0         0         0
         0         0         0         0         0         0
         0         0         0         0         0         0
         0         0         0         0         0         0
         0         0         0         0         0         0
         0         0         0         0         0         0
         0         0         0         0         0         0
         0         0         0         0         0         0
    0.0400         0         0         0         0         0
    0.1600    0.0400         0         0         0         0
    0.0400    0.1600    0.0400         0         0         0
         0    0.0400    0.1600    0.0400         0         0
         0         0    0.0400    0.1600    0.0400         0
         0         0         0    0.0400    0.1600    0.0400
         0         0         0         0    0.0400    0.1600
         0         0         0         0         0    0.0400
         0         0         0         0         0         0
         0         0         0         0         0         0
         0         0         0         0         0         0
         0         0         0         0         0         0
         0         0         0         0         0         0
         0         0         0         0         0         0
         0         0         0         0         0         0
         0         0         0         0         0         0
         0         0         0         0         0         0
         0         0         0         0         0         0
         0         0         0         0         0         0
         0         0         0         0         0         0
         0         0         0         0         0         0
         0         0         0         0         0         0
         0         0         0         0         0         0
         0         0         0         0         0         0
         0         0         0         0         0         0
         0         0         0         0         0         0
         0         0         0         0         0         0
         0         0         0         0         0         0
         0         0         0         0         0         0
         0         0         0         0         0         0
         0         0         0         0         0         0
         0         0         0         0         0         0
         0         0         0         0         0         0
         0         0         0         0         0         0
         0         0         0         0         0         0
         0         0         0         0         0         0
         0         0         0         0         0         0
         0         0         0         0         0         0
         0         0         0         0         0         0

  列 19 至 24

         0         0         0         0         0         0
         0         0         0         0         0         0
         0         0         0         0         0         0
         0         0         0         0         0         0
         0         0         0         0         0         0
         0         0         0         0         0         0
         0         0         0         0         0         0
         0         0         0         0         0         0
         0         0         0         0         0         0
         0         0         0         0         0         0
         0         0         0         0         0         0
         0         0         0         0         0         0
         0         0         0         0         0         0
         0         0         0         0         0         0
         0         0         0         0         0         0
         0         0         0         0         0         0
         0         0         0         0         0         0
    0.0400         0         0         0         0         0
    0.1600    0.0400         0         0         0         0
    0.0400    0.1600    0.0400         0         0         0
         0    0.0400    0.1600    0.0400         0         0
         0         0    0.0400    0.1600    0.0400         0
         0         0         0    0.0400    0.1600    0.0400
         0         0         0         0    0.0400    0.1600
         0         0         0         0         0    0.0400
         0         0         0         0         0         0
         0         0         0         0         0         0
         0         0         0         0         0         0
         0         0         0         0         0         0
         0         0         0         0         0         0
         0         0         0         0         0         0
         0         0         0         0         0         0
         0         0         0         0         0         0
         0         0         0         0         0         0
         0         0         0         0         0         0
         0         0         0         0         0         0
         0         0         0         0         0         0
         0         0         0         0         0         0
         0         0         0         0         0         0
         0         0         0         0         0         0
         0         0         0         0         0         0
         0         0         0         0         0         0
         0         0         0         0         0         0
         0         0         0         0         0         0
         0         0         0         0         0         0
         0         0         0         0         0         0
         0         0         0         0         0         0
         0         0         0         0         0         0
         0         0         0         0         0         0
         0         0         0         0         0         0

  列 25 至 30

         0         0         0         0         0         0
         0         0         0         0         0         0
         0         0         0         0         0         0
         0         0         0         0         0         0
         0         0         0         0         0         0
         0         0         0         0         0         0
         0         0         0         0         0         0
         0         0         0         0         0         0
         0         0         0         0         0         0
         0         0         0         0         0         0
         0         0         0         0         0         0
         0         0         0         0         0         0
         0         0         0         0         0         0
         0         0         0         0         0         0
         0         0         0         0         0         0
         0         0         0         0         0         0
         0         0         0         0         0         0
         0         0         0         0         0         0
         0         0         0         0         0         0
         0         0         0         0         0         0
         0         0         0         0         0         0
         0         0         0         0         0         0
         0         0         0         0         0         0
    0.0400         0         0         0         0         0
    0.1600    0.0400         0         0         0         0
    0.0400    0.1600    0.0400         0         0         0
         0    0.0400    0.1600    0.0400         0         0
         0         0    0.0400    0.1600    0.0400         0
         0         0         0    0.0400    0.1600    0.0400
         0         0         0         0    0.0400    0.1600
         0         0         0         0         0    0.0400
         0         0         0         0         0         0
         0         0         0         0         0         0
         0         0         0         0         0         0
         0         0         0         0         0         0
         0         0         0         0         0         0
         0         0         0         0         0         0
         0         0         0         0         0         0
         0         0         0         0         0         0
         0         0         0         0         0         0
         0         0         0         0         0         0
         0         0         0         0         0         0
         0         0         0         0         0         0
         0         0         0         0         0         0
         0         0         0         0         0         0
         0         0         0         0         0         0
         0         0         0         0         0         0
         0         0         0         0         0         0
         0         0         0         0         0         0
         0         0         0         0         0         0

  列 31 至 36

         0         0         0         0         0         0
         0         0         0         0         0         0
         0         0         0         0         0         0
         0         0         0         0         0         0
         0         0         0         0         0         0
         0         0         0         0         0         0
         0         0         0         0         0         0
         0         0         0         0         0         0
         0         0         0         0         0         0
         0         0         0         0         0         0
         0         0         0         0         0         0
         0         0         0         0         0         0
         0         0         0         0         0         0
         0         0         0         0         0         0
         0         0         0         0         0         0
         0         0         0         0         0         0
         0         0         0         0         0         0
         0         0         0         0         0         0
         0         0         0         0         0         0
         0         0         0         0         0         0
         0         0         0         0         0         0
         0         0         0         0         0         0
         0         0         0         0         0         0
         0         0         0         0         0         0
         0         0         0         0         0         0
         0         0         0         0         0         0
         0         0         0         0         0         0
         0         0         0         0         0         0
         0         0         0         0         0         0
    0.0400         0         0         0         0         0
    0.1600    0.0400         0         0         0         0
    0.0400    0.1600    0.0400         0         0         0
         0    0.0400    0.1600    0.0400         0         0
         0         0    0.0400    0.1600    0.0400         0
         0         0         0    0.0400    0.1600    0.0400
         0         0         0         0    0.0400    0.1600
         0         0         0         0         0    0.0400
         0         0         0         0         0         0
         0         0         0         0         0         0
         0         0         0         0         0         0
         0         0         0         0         0         0
         0         0         0         0         0         0
         0         0         0         0         0         0
         0         0         0         0         0         0
         0         0         0         0         0         0
         0         0         0         0         0         0
         0         0         0         0         0         0
         0         0         0         0         0         0
         0         0         0         0         0         0
         0         0         0         0         0         0

  列 37 至 42

         0         0         0         0         0         0
         0         0         0         0         0         0
         0         0         0         0         0         0
         0         0         0         0         0         0
         0         0         0         0         0         0
         0         0         0         0         0         0
         0         0         0         0         0         0
         0         0         0         0         0         0
         0         0         0         0         0         0
         0         0         0         0         0         0
         0         0         0         0         0         0
         0         0         0         0         0         0
         0         0         0         0         0         0
         0         0         0         0         0         0
         0         0         0         0         0         0
         0         0         0         0         0         0
         0         0         0         0         0         0
         0         0         0         0         0         0
         0         0         0         0         0         0
         0         0         0         0         0         0
         0         0         0         0         0         0
         0         0         0         0         0         0
         0         0         0         0         0         0
         0         0         0         0         0         0
         0         0         0         0         0         0
         0         0         0         0         0         0
         0         0         0         0         0         0
         0         0         0         0         0         0
         0         0         0         0         0         0
         0         0         0         0         0         0
         0         0         0         0         0         0
         0         0         0         0         0         0
         0         0         0         0         0         0
         0         0         0         0         0         0
         0         0         0         0         0         0
    0.0400         0         0         0         0         0
    0.1600    0.0400         0         0         0         0
    0.0400    0.1600    0.0400         0         0         0
         0    0.0400    0.1600    0.0400         0         0
         0         0    0.0400    0.1600    0.0400         0
         0         0         0    0.0400    0.1600    0.0400
         0         0         0         0    0.0400    0.1600
         0         0         0         0         0    0.0400
         0         0         0         0         0         0
         0         0         0         0         0         0
         0         0         0         0         0         0
         0         0         0         0         0         0
         0         0         0         0         0         0
         0         0         0         0         0         0
         0         0         0         0         0         0

  列 43 至 48

         0         0         0         0         0         0
         0         0         0         0         0         0
         0         0         0         0         0         0
         0         0         0         0         0         0
         0         0         0         0         0         0
         0         0         0         0         0         0
         0         0         0         0         0         0
         0         0         0         0         0         0
         0         0         0         0         0         0
         0         0         0         0         0         0
         0         0         0         0         0         0
         0         0         0         0         0         0
         0         0         0         0         0         0
         0         0         0         0         0         0
         0         0         0         0         0         0
         0         0         0         0         0         0
         0         0         0         0         0         0
         0         0         0         0         0         0
         0         0         0         0         0         0
         0         0         0         0         0         0
         0         0         0         0         0         0
         0         0         0         0         0         0
         0         0         0         0         0         0
         0         0         0         0         0         0
         0         0         0         0         0         0
         0         0         0         0         0         0
         0         0         0         0         0         0
         0         0         0         0         0         0
         0         0         0         0         0         0
         0         0         0         0         0         0
         0         0         0         0         0         0
         0         0         0         0         0         0
         0         0         0         0         0         0
         0         0         0         0         0         0
         0         0         0         0         0         0
         0         0         0         0         0         0
         0         0         0         0         0         0
         0         0         0         0         0         0
         0         0         0         0         0         0
         0         0         0         0         0         0
         0         0         0         0         0         0
    0.0400         0         0         0         0         0
    0.1600    0.0400         0         0         0         0
    0.0400    0.1600    0.0400         0         0         0
         0    0.0400    0.1600    0.0400         0         0
         0         0    0.0400    0.1600    0.0400         0
         0         0         0    0.0400    0.1600    0.0400
         0         0         0         0    0.0400    0.1600
         0         0         0         0         0    0.0400
         0         0         0         0         0         0

  列 49 至 50

         0         0
         0         0
         0         0
         0         0
         0         0
         0         0
         0         0
         0         0
         0         0
         0         0
         0         0
         0         0
         0         0
         0         0
         0         0
         0         0
         0         0
         0         0
         0         0
         0         0
         0         0
         0         0
         0         0
         0         0
         0         0
         0         0
         0         0
         0         0
         0         0
         0         0
         0         0
         0         0
         0         0
         0         0
         0         0
         0         0
         0         0
         0         0
         0         0
         0         0
         0         0
         0         0
         0         0
         0         0
         0         0
         0         0
         0         0
    0.0400         0
    0.1600    0.0400
         0    1.0000

  列 1 至 6

         0    0.0276    0.0061    0.0026    0.0014    0.0009

  列 7 至 12

    0.0006    0.0004    0.0003    0.0002    0.0002    0.0002

  列 13 至 18

    0.0001    0.0001    0.0001    0.0001    0.0001    0.0001

  列 19 至 24

    0.0000    0.0000    0.0000    0.0000    0.0000    0.0000

  列 25 至 30

    0.0000    0.0000    0.0000    0.0000    0.0000    0.0000

  列 31 至 36

    0.0000    0.0000    0.0000    0.0000    0.0000    0.0000

  列 37 至 42

    0.0000    0.0000    0.0000    0.0000    0.0000    0.0000

  列 43 至 48

    0.0000    0.0000    0.0000    0.0000    0.0000    0.0000

  列 49 至 50

    0.0000         0


spline_f =

  列 1 至 6

    0.0056    0.0045    0.0041    0.0038    0.0036    0.0035

  列 7 至 12

    0.0034    0.0033    0.0032    0.0031    0.0031    0.0030

  列 13 至 18

    0.0030    0.0029    0.0029    0.0029    0.0028    0.0028

  列 19 至 24

    0.0028    0.0027    0.0027    0.0027    0.0027    0.0027

  列 25 至 30

    0.0026    0.0026    0.0026    0.0026    0.0026    0.0025

  列 31 至 36

    0.0025    0.0025    0.0025    0.0025    0.0025    0.0025

  列 37 至 42

    0.0025    0.0024    0.0024    0.0024    0.0024    0.0024

  列 43 至 48

    0.0024    0.0024    0.0024    0.0024    0.0024    0.0023

  列 49 至 50

    0.0023    0.0023


b =

   -9.2284


a =

   12.3093


b =

  -21.4460


a =

   28.6499


b =

  -34.8544


a =

   46.6763


b =

  -48.7230


a =

   65.4630


b =

  -62.6087


a =

   84.4593


b =

  -76.2142


a =

  103.3002


b =

  -89.3376


a =

  121.7399


b =

 -101.8465


a =

  139.6178


b =

 -113.6594


a =

  156.8364


b =

 -124.7324


a =

  173.3444


b =

 -135.0483


a =

  189.1238


b =

 -144.6071


a =

  204.1795


b =

 -153.4193


a =

  218.5309


b =

 -161.4996


a =

  232.2051


b =

 -168.8628


a =

  245.2320


b =

 -175.5196


a =

  257.6398


b =

 -181.4743


a =

  269.4522


b =

 -186.7218


a =

  280.6853


b =

 -191.2460


a =

  291.3459


b =

 -195.0184


a =

  301.4297


b =

 -197.9969


a =

  310.9195


b =

 -200.1252


a =

  319.7848


b =

 -201.3328


a =

  327.9806


b =

 -201.5360


a =

  335.4478


b =

 -200.6399


a =

  342.1137


b =

 -198.5420


a =

  347.8942


b =

 -195.1374


a =

  352.6972


b =

 -190.3269


a =

  356.4276


b =

 -184.0263


a =

  358.9953


b =

 -176.1784


a =

  360.3238


b =

 -166.7660


a =

  360.3616


b =

 -155.8248


a =

  359.0940


b =

 -143.4539


a =

  356.5540


b =

 -129.8226


a =

  352.8306


b =

 -115.1694


a =

  348.0729


b =

  -99.7945


a =

  342.4872


b =

  -84.0427


a =

  336.3280


b =

  -68.2810


a =

  329.8820


b =

  -52.8720


a =

  323.4485


b =

  -38.1482


a =

  317.3180


b =

  -24.3913


a =

  311.7529


b =

  -11.8168


a =

  306.9728


b =

   -0.5692


a =

  303.1460


b =

    9.2771


a =

  300.3864


b =

   17.7098


a =

  298.7571


b =

   24.7678


a =

  298.2764


b =

   30.5278


a =

  298.9268


b =

   35.0922


a =

  300.6641


b =

   38.5781


a =

  303.4261


b =

   41.1082


a =

  307.1402


fit_f =

  列 1 至 6

    0.0033    0.0033    0.0032    0.0032    0.0032    0.0032

  列 7 至 12

    0.0032    0.0032    0.0032    0.0032    0.0032    0.0032

  列 13 至 18

    0.0031    0.0031    0.0031    0.0031    0.0031    0.0030

  列 19 至 24

    0.0030    0.0030    0.0030    0.0030    0.0029    0.0029

  列 25 至 30

    0.0029    0.0028    0.0028    0.0028    0.0028    0.0027

  列 31 至 36

    0.0027    0.0027    0.0026    0.0026    0.0026    0.0025

  列 37 至 42

    0.0025    0.0025    0.0025    0.0024    0.0024    0.0024

  列 43 至 48

    0.0023    0.0023    0.0023    0.0022    0.0022    0.0022

  列 49 至 50

    0.0022    0.0021

diary off
